1,	1669
1 11,	1141
1 16,	485
1 20,	569
1 25,	1486
1 34,	1642
1 39,	644
1 43,	256
1 48,	1606
1 5,	1550
1 52,	1667
1 57,	44
1 66,	1649
1 70,	1017
1 75,	412
10 13,	81
10 18,	102
10 22,	87
10 27,	211
10 31,	257
10 36,	322
10 40,	318
10 45,	63
10 54,	209
10 63,	12
10 68,	186
10 72,	260
11 17,	1825
11 21,	1463
11 26,	329
11 30,	15
11 35,	124
11 44,	1703
11 49,	183
11 53,	11
11 58,	2128
11 62,	2026
11 67,	148
11 71,	714
12,	1067
12 16,	664
12 20,	562
12 25,	1060
12 34,	1035
12 39,	349
12 43,	96
12 48,	1067
12 52,	1067
12 57,	83
12 61,	7
12 66,	1040
12 70,	592
12 75,	320
13 15,	1150
13 24,	755
13 29,	1707
13 33,	149
13 38,	1168
13 42,	1414
13 47,	378
13 51,	671
13 56,	1620
13 60,	1675
13 65,	328
13 74,	1325
14 19,	933
14 23,	850
14 28,	475
14 32,	193
14 37,	20
14 41,	15
14 46,	1212
14 50,	924
14 55,	494
14 64,	1237
14 69,	580
14 73,	268
15 18,	83
15 22,	551
15 27,	1426
15 31,	1622
15 36,	1939
15 40,	2000
15 45,	527
15 54,	1347
15 59,	1
15 63,	126
15 68,	1259
15 72,	1518
16 17,	557
16 21,	750
16 26,	74
16 30,	3
16 35,	44
16 44,	1113
16 49,	56
16 58,	1170
16 62,	1160
16 67,	70
16 71,	490
17,	2500
17 20,	520
17 25,	2192
17 34,	2376
17 39,	824
17 43,	386
17 48,	2339
17 52,	2489
17 57,	138
17 61,	43
17 66,	2349
17 70,	1655
17 75,	625
18 24,	325
18 29,	695
18 33,	46
18 38,	520
18 42,	600
18 47,	120
18 51,	215
18 56,	659
18 60,	692
18 65,	40
18 74,	532
19 23,	1156
19 28,	603
19 32,	260
19 37,	82
19 41,	24
19 46,	1980
19 50,	1159
19 55,	600
19 64,	1599
19 69,	757
19 73,	522
2 10,	160
2 15,	842
2 24,	605
2 29,	1512
2 33,	145
2 38,	1171
2 4,	170
2 42,	1301
2 47,	241
2 51,	548
2 56,	1396
2 60,	1480
2 65,	193
2 74,	1150
2 9,	1367
20 21,	848
20 26,	101
20 30,	1
20 35,	59
20 44,	1047
20 49,	47
20 58,	1216
20 62,	1185
20 67,	62
20 71,	453
21,	2225
21 25,	1987
21 34,	2113
21 39,	774
21 43,	334
21 48,	2097
21 52,	2215
21 57,	144
21 61,	43
21 66,	2093
21 70,	1341
21 75,	535
22 24,	419
22 29,	971
22 33,	64
22 38,	745
22 42,	823
22 47,	37
22 51,	300
22 56,	940
22 60,	967
22 65,	95
22 74,	717
23 28,	675
23 32,	36
23 37,	35
23 41,	2
23 46,	1461
23 50,	1114
23 55,	980
23 64,	1776
23 69,	757
23 73,	175
24 27,	1063
24 31,	782
24 36,	1317
24 40,	1355
24 45,	200
24 54,	1379
24 59,	1
24 63,	41
24 68,	924
24 72,	703
25 30,	12
25 35,	148
25 44,	2352
25 49,	111
25 53,	10
25 58,	2859
25 62,	2738
25 67,	145
25 71,	1126
26,	336
26 34,	328
26 39,	87
26 43,	38
26 48,	264
26 52,	335
26 57,	12
26 61,	19
26 66,	306
26 70,	273
26 75,	94
27 29,	2198
27 33,	120
27 38,	1243
27 42,	1731
27 47,	446
27 51,	838
27 56,	2082
27 60,	2170
27 65,	562
27 74,	1669
28 32,	2
28 37,	51
28 46,	797
28 50,	608
28 55,	345
28 64,	988
28 69,	339
28 73,	143
29 31,	2517
29 36,	3084
29 40,	3155
29 45,	584
29 54,	2201
29 59,	1
29 63,	136
29 68,	1969
29 72,	2345
3 14,	1326
3 19,	1788
3 23,	1778
3 28,	887
3 32,	375
3 37,	93
3 41,	26
3 46,	2251
3 50,	1798
3 55,	980
3 64,	2353
3 69,	1130
3 73,	664
3 8,	74
30,	15
30 34,	4
30 43,	3
30 48,	15
30 52,	15
30 61,	2
30 66,	8
31 38,	1762
31 42,	2258
31 47,	500
31 51,	950
31 56,	2371
31 60,	2509
31 65,	329
31 74,	1737
32 37,	6
32 41,	13
32 46,	346
32 50,	279
32 64,	226
32 69,	102
32 73,	230
33 36,	218
33 40,	224
33 54,	224
33 59,	1
33 63,	9
33 68,	187
33 72,	138
34 44,	2480
34 49,	183
34 53,	9
34 58,	3039
34 62,	2913
34 67,	154
34 71,	1071
35,	156
35 39,	65
35 43,	44
35 48,	156
35 52,	154
35 57,	19
35 61,	2
35 66,	135
35 70,	38
35 75,	39
36 38,	2105
36 42,	2626
36 47,	626
36 51,	1200
36 56,	2924
36 60,	3052
36 65,	548
36 74,	2318
37 46,	83
37 50,	76
37 55,	24
37 64,	80
37 69,	27
37 73,	5
38 40,	2196
38 45,	282
38 54,	1537
38 59,	1
38 63,	46
38 68,	1416
38 72,	1641
39 44,	698
39 49,	14
39 53,	4
39 58,	1000
39 62,	910
39 67,	50
39 71,	795
4 13,	209
4 18,	129
4 22,	86
4 27,	253
4 31,	166
4 36,	353
4 40,	357
4 45,	13
4 54,	357
4 59,	1
4 63,	21
4 68,	275
4 7,	311
4 72,	170
40 42,	2697
40 47,	638
40 51,	1195
40 56,	2996
40 60,	3124
40 65,	540
40 74,	2381
41 46,	24
41 64,	1
41 69,	6
41 73,	16
42 45,	464
42 54,	1734
42 59,	1
42 63,	116
42 68,	1678
42 72,	2193
43 44,	362
43 49,	33
43 53,	5
43 58,	482
43 62,	462
43 67,	73
43 71,	216
44,	2612
44 48,	2439
44 52,	2601
44 57,	141
44 61,	47
44 66,	2454
44 70,	1665
44 75,	586
45 47,	142
45 51,	201
45 56,	550
45 60,	584
45 65,	164
45 74,	381
46 50,	1533
46 55,	759
46 64,	2145
46 69,	997
46 73,	665
47 54,	419
47 63,	29
47 68,	425
47 72,	454
48 53,	11
48 58,	3012
48 62,	2877
48 67,	140
48 71,	1175
49,	183
49 52,	183
49 61,	20
49 66,	148
49 70,	169
49 75,	10
5 12,	1047
5 17,	2275
5 21,	2089
5 26,	322
5 30,	7
5 35,	82
5 44,	2461
5 49,	183
5 53,	11
5 58,	2970
5 62,	2859
5 67,	139
5 71,	1027
50 55,	594
50 64,	1644
50 69,	774
50 73,	540
51 54,	835
51 59,	1
51 63,	81
51 68,	783
51 72,	910
52 58,	3184
52 62,	3049
52 67,	175
52 71,	1184
53,	11
53 57,	6
53 66,	11
53 70,	6
54 56,	2123
54 60,	2169
54 65,	565
54 74,	1959
55 64,	980
55 69,	469
56 59,	1
56 63,	98
56 68,	1972
56 72,	2201
57 58,	175
57 62,	137
57 71,	96
58,	3195
58 61,	47
58 66,	3020
58 70,	2006
58 75,	789
59 60,	1
59 74,	1
6,	225
6 11,	205
6 20,	54
6 25,	211
6 34,	151
6 39,	168
6 43,	73
6 48,	225
6 52,	225
6 57,	7
6 66,	189
6 70,	63
6 75,	58
60 63,	135
60 68,	1937
60 72,	2345
61 62,	46
61 67,	47
61 71,	7
62,	3060
62 66,	2892
62 70,	1959
62 75,	719
63 65,	29
63 74,	66
64 69,	983
64 73,	498
65 68,	336
65 72,	212
66 71,	1143
67,	175
67 70,	129
68 74,	1593
69 73,	328
7 10,	321
7 15,	1993
7 24,	1331
7 29,	3069
7 33,	203
7 38,	2124
7 42,	2603
7 47,	640
7 51,	1101
7 56,	2919
7 60,	3031
7 65,	558
7 74,	2321
7 9,	2755
71,	1189
71 75,	343
72 74,	1556
8 14,	69
8 19,	78
8 23,	72
8 28,	49
8 32,	8
8 46,	120
8 55,	35
8 64,	113
8 69,	49
8 73,	21
9 13,	1641
9 18,	594
9 22,	884
9 27,	1994
9 31,	2269
9 36,	2777
9 40,	2852
9 45,	521
9 54,	2007
9 59,	1
9 63,	124
9 68,	1798
9 72,	2085
1 12,	528
1 17,	1459
1 21,	1441
1 26,	183
1 35,	27
1 44,	1085
1 49,	63
1 53,	2
1 58,	1669
1 6,	119
1 62,	1585
1 67,	20
1 71,	652
10 14,	241
10 19,	196
10 23,	195
10 28,	111
10 32,	42
10 41,	4
10 46,	290
10 50,	169
10 55,	113
10 64,	266
10 69,	136
10 73,	62
11 13,	1169
11 18,	304
11 22,	666
11 27,	1541
11 31,	1651
11 36,	2032
11 40,	2103
11 45,	426
11 54,	1560
11 59,	1
11 63,	103
11 68,	1313
11 72,	1492
12 17,	675
12 21,	762
12 26,	7
12 35,	32
12 44,	909
12 58,	1067
12 62,	1034
12 67,	27
12 71,	475
13,	1722
13 16,	572
13 20,	675
13 25,	1490
13 34,	1643
13 39,	554
13 43,	308
13 48,	1583
13 52,	1714
13 57,	102
13 61,	47
13 66,	1547
13 70,	1136
13 75,	397
14 15,	876
14 24,	624
14 29,	1474
14 33,	75
14 38,	1028
14 42,	1300
14 47,	262
14 51,	550
14 56,	1401
14 60,	1474
14 65,	237
14 74,	1082
15 19,	1523
15 23,	1221
15 28,	600
15 32,	259
15 37,	87
15 41,	26
15 46,	1606
15 50,	1225
15 55,	679
15 64,	1542
15 69,	767
15 73,	508
16 18,	613
16 22,	420
16 27,	779
16 31,	904
16 36,	1160
16 40,	1170
16 45,	57
16 54,	869
16 63,	10
16 68,	725
16 72,	827
17 21,	1897
17 26,	308
17 30,	14
17 35,	124
17 44,	1943
17 49,	161
17 53,	11
17 58,	2499
17 62,	2368
17 67,	151
17 71,	845
18,	696
18 20,	696
18 25,	668
18 34,	664
18 39,	176
18 43,	96
18 48,	674
18 52,	696
18 57,	37
18 61,	4
18 66,	672
18 70,	352
18 75,	164
19 24,	824
19 29,	1966
19 33,	144
19 38,	1302
19 42,	1716
19 51,	821
19 56,	1862
19 60,	1943
19 65,	381
19 74,	1483
2,	1527
2 11,	988
2 16,	685
2 20,	647
2 25,	1374
2 34,	1398
2 39,	356
2 43,	226
2 48,	1407
2 5,	1421
2 52,	1518
2 57,	131
2 61,	47
2 66,	1372
2 70,	990
2 75,	377
20 22,	368
20 27,	828
20 31,	950
20 36,	1201
20 40,	1214
20 45,	169
20 54,	836
20 63,	31
20 68,	761
20 72,	887
21 26,	238
21 30,	15
21 35,	112
21 44,	1869
21 49,	128
21 53,	10
21 58,	2224
21 62,	2095
21 67,	132
21 71,	884
22,	971
22 25,	873
22 34,	927
22 39,	226
22 43,	148
22 48,	916
22 52,	970
22 57,	31
22 61,	4
22 66,	928
22 70,	666
22 75,	254
23 29,	1810
23 33,	37
23 38,	1248
23 42,	1744
23 47,	356
23 51,	703
23 56,	1709
23 60,	1770
23 65,	41
23 74,	1028
24 28,	316
24 32,	410
24 37,	62
24 41,	24
24 46,	1095
24 50,	861
24 64,	855
24 69,	455
24 73,	676
25 27,	1976
25 31,	2227
25 36,	2794
25 40,	2834
25 45,	508
25 54,	2003
25 59,	1
25 63,	122
25 68,	1774
25 72,	2096
26 30,	3
26 35,	8
26 44,	260
26 49,	72
26 53,	1
26 58,	336
26 62,	322
26 67,	30
26 71,	63
27,	2205
27 34,	2070
27 39,	962
27 43,	474
27 48,	2123
27 52,	2194
27 57,	123
27 61,	35
27 66,	2072
27 70,	1200
27 75,	536
28 29,	983
28 33,	104
28 38,	953
28 42,	983
28 47,	194
28 51,	383
28 56,	939
28 60,	979
28 65,	3
28 74,	738
29 32,	446
29 37,	97
29 41,	26
29 46,	2541
29 50,	1970
29 55,	980
29 64,	2616
29 69,	1212
29 73,	836
3 10,	268
3 15,	1857
3 24,	1061
3 29,	2839
3 33,	104
3 38,	1919
3 42,	2411
3 47,	588
3 51,	1041
3 56,	2704
3 60,	2805
3 65,	486
3 74,	2050
3 9,	2571
30 35,	11
30 44,	15
30 58,	15
30 62,	15
30 67,	7
30 71,	15
31,	2526
31 34,	2395
31 39,	764
31 43,	268
31 48,	2359
31 52,	2515
31 57,	155
31 61,	17
31 66,	2424
31 70,	1603
31 75,	789
32 38,	234
32 42,	249
32 47,	100
32 51,	167
32 56,	437
32 60,	428
32 65,	220
32 74,	446
33 37,	6
33 46,	184
33 50,	120
33 64,	208
33 69,	37
33 73,	86
34 36,	2943
34 40,	3017
34 45,	560
34 54,	2111
34 59,	1
34 63,	127
34 68,	1939
34 72,	2265
35 44,	132
35 53,	2
35 58,	156
35 62,	147
35 67,	21
35 71,	118
36,	3099
36 39,	994
36 43,	473
36 48,	2987
36 52,	3088
36 57,	175
36 61,	47
36 66,	2924
36 70,	1915
36 75,	781
37 38,	91
37 42,	88
37 47,	14
37 51,	21
37 56,	97
37 60,	97
37 65,	17
37 74,	89
38 46,	1702
38 50,	1452
38 55,	659
38 64,	1899
38 69,	780
38 73,	555
39 40,	974
39 45,	302
39 54,	679
39 63,	90
39 68,	568
39 72,	704
4 14,	148
4 19,	192
4 23,	39
4 28,	104
4 32,	71
4 37,	4
4 46,	305
4 50,	177
4 64,	278
4 69,	82
4 73,	187
4 8,	46
40,	3170
40 43,	473
40 48,	2987
40 52,	3159
40 57,	174
40 61,	46
40 66,	2997
40 70,	2007
40 75,	789
41 42,	17
41 47,	2
41 51,	26
41 56,	25
41 60,	25
41 65,	25
41 74,	26
42 46,	2220
42 50,	1655
42 55,	980
42 64,	2464
42 69,	1036
42 73,	521
43 45,	120
43 54,	482
43 63,	20
43 68,	306
43 72,	152
44 49,	173
44 53,	11
44 58,	2611
44 62,	2522
44 67,	158
44 71,	947
45,	584
45 48,	574
45 52,	584
45 57,	34
45 66,	567
45 70,	342
45 75,	203
46 51,	1023
46 56,	2405
46 60,	2517
46 65,	411
46 74,	1925
47 50,	442
47 55,	221
47 64,	486
47 69,	215
47 73,	186
48 54,	2064
48 59,	1
48 63,	136
48 68,	1837
48 72,	2231
49 58,	183
49 62,	183
49 67,	35
49 71,	14
5 13,	1582
5 18,	696
5 22,	882
5 27,	1993
5 31,	2367
5 36,	2874
5 40,	2950
5 45,	510
5 54,	2066
5 59,	1
5 63,	112
5 68,	1853
5 7,	2859
5 72,	2204
50 56,	1881
50 60,	1944
50 65,	331
50 74,	1485
51 55,	386
51 64,	987
51 69,	438
51 73,	311
52 54,	2205
52 59,	1
52 63,	136
52 68,	1981
52 72,	2345
53 58,	11
53 62,	11
53 71,	5
54,	2216
54 57,	93
54 61,	47
54 66,	2041
54 70,	1398
54 75,	257
55 56,	898
55 60,	980
55 74,	448
56 64,	2498
56 69,	1049
56 73,	820
57 63,	38
57 68,	12
57 72,	144
58 62,	3060
58 67,	175
58 71,	1189
59,	1
59 66,	1
59 70,	1
6 12,	20
6 17,	225
6 21,	136
6 26,	14
6 30,	8
6 35,	74
6 44,	151
6 58,	225
6 62,	201
6 67,	36
6 71,	162
60 64,	2584
60 69,	1212
60 73,	804
61 63,	1
61 68,	47
62 67,	168
62 71,	1101
63,	136
63 66,	129
63 70,	48
63 75,	70
64 74,	1842
65 69,	229
65 73,	353
66 68,	1836
66 72,	2345
67 71,	46
68,	1984
68 70,	1303
68 75,	391
69 74,	814
7,	3076
7 11,	2050
7 16,	1083
7 20,	1174
7 25,	2743
7 34,	2930
7 39,	952
7 43,	473
7 48,	2893
7 52,	3065
7 57,	157
7 61,	45
7 66,	2906
7 70,	1991
7 75,	755
70 72,	1483
72,	2345
72 75,	789
73 74,	851
8 10,	1
8 15,	33
8 24,	48
8 29,	112
8 33,	21
8 38,	72
8 42,	111
8 51,	120
8 56,	102
8 60,	118
8 65,	7
8 74,	86
8 9,	119
9 14,	1233
9 19,	1784
9 23,	1622
9 28,	880
9 32,	404
9 37,	97
9 41,	22
9 46,	2266
9 50,	1806
9 55,	867
9 64,	2365
9 69,	1076
9 73,	789
1 13,	788
1 18,	210
1 22,	228
1 27,	1225
1 31,	1242
1 36,	1615
1 40,	1651
1 45,	584
1 54,	1130
1 63,	84
1 68,	1319
1 7,	1634
1 72,	1328
10 15,	220
10 24,	127
10 29,	315
10 33,	23
10 38,	179
10 42,	268
10 47,	32
10 51,	153
10 56,	269
10 60,	314
10 65,	56
10 74,	221
11 14,	960
11 19,	1475
11 23,	1136
11 28,	588
11 32,	343
11 37,	97
11 41,	26
11 46,	1725
11 50,	1271
11 55,	569
11 64,	1657
11 69,	816
11 73,	637
12 13,	553
12 18,	392
12 22,	305
12 27,	664
12 31,	875
12 36,	1067
12 40,	1067
12 45,	158
12 54,	656
12 63,	33
12 68,	671
12 72,	853
13 17,	1343
13 21,	1148
13 26,	232
13 30,	15
13 35,	79
13 44,	1392
13 49,	139
13 53,	8
13 58,	1721
13 62,	1612
13 67,	175
13 71,	586
14,	1474
14 16,	598
14 20,	541
14 25,	1370
14 34,	1397
14 39,	446
14 43,	174
14 48,	1430
14 52,	1471
14 57,	73
14 66,	1474
14 70,	871
14 75,	392
15 24,	805
15 29,	2014
15 33,	145
15 38,	1320
15 42,	1719
15 47,	420
15 51,	801
15 56,	1897
15 60,	2015
15 65,	484
15 74,	1487
16 19,	457
16 23,	596
16 28,	391
16 32,	187
16 37,	10
16 46,	950
16 50,	750
16 55,	301
16 64,	1089
16 69,	445
16 73,	343
17 22,	603
17 27,	1751
17 31,	1979
17 36,	2404
17 40,	2474
17 45,	557
17 54,	1714
17 59,	1
17 63,	132
17 68,	1573
17 72,	1828
18 21,	328
18 26,	28
18 30,	1
18 35,	32
18 44,	669
18 49,	22
18 58,	696
18 62,	692
18 67,	24
18 71,	344
19,	1980
19 25,	1745
19 34,	1883
19 39,	678
19 43,	264
19 48,	1844
19 52,	1969
19 57,	118
19 61,	37
19 66,	1867
19 70,	1244
19 75,	497
2 12,	539
2 17,	1041
2 21,	784
2 26,	153
2 30,	15
2 35,	129
2 44,	1527
2 49,	120
2 53,	9
2 58,	1526
2 6,	106
2 62,	1475
2 67,	155
2 71,	537
20 23,	661
20 28,	388
20 32,	186
20 37,	15
20 41,	2
20 46,	576
20 50,	816
20 55,	380
20 64,	1032
20 69,	455
20 73,	329
21 27,	1578
21 31,	1745
21 36,	2171
21 40,	2199
21 45,	356
21 54,	1534
21 59,	1
21 63,	130
21 68,	1467
21 72,	1568
22 26,	98
22 35,	44
22 44,	743
22 49,	55
22 53,	1
22 58,	971
22 62,	965
22 67,	43
22 71,	305
23,	1817
23 25,	1575
23 34,	1730
23 39,	569
23 43,	73
23 48,	1725
23 52,	1817
23 57,	108
23 61,	47
23 66,	1642
23 70,	1141
23 75,	789
24 29,	1371
24 33,	187
24 38,	948
24 42,	970
24 47,	284
24 51,	518
24 56,	1312
24 60,	1379
24 65,	524
24 74,	1379
25 28,	884
25 32,	416
25 37,	66
25 41,	26
25 46,	2300
25 50,	1736
25 55,	857
25 64,	2326
25 69,	1086
25 73,	764
26 27,	229
26 31,	299
26 36,	305
26 40,	336
26 45,	76
26 54,	213
26 63,	14
26 68,	210
26 72,	249
27 30,	7
27 35,	135
27 44,	1729
27 49,	82
27 53,	11
27 58,	2204
27 62,	2088
27 67,	133
27 71,	1005
28,	991
28 34,	970
28 39,	38
28 43,	8
28 48,	890
28 52,	991
28 57,	52
28 61,	12
28 66,	949
28 70,	807
28 75,	253
29 33,	218
29 38,	2181
29 42,	2702
29 47,	640
29 51,	1211
29 56,	3006
29 60,	3136
29 65,	565
29 74,	2392
3,	2839
3 11,	1909
3 16,	982
3 20,	1051
3 25,	2520
3 34,	2706
3 39,	920
3 43,	428
3 48,	2672
3 5,	2639
3 52,	2830
3 57,	135
3 61,	34
3 66,	2703
3 70,	1845
3 75,	789
30 31,	9
30 36,	15
30 40,	15
30 54,	15
30 68,	15
31 35,	131
31 44,	2078
31 49,	167
31 53,	11
31 58,	2526
31 62,	2409
31 67,	102
31 71,	923
32,	446
32 34,	432
32 39,	212
32 43,	197
32 48,	446
32 52,	446
32 57,	9
32 61,	18
32 66,	410
32 70,	246
33 38,	200
33 42,	207
33 47,	40
33 51,	104
33 56,	213
33 60,	212
33 65,	16
33 74,	224
34 37,	97
34 41,	23
34 46,	2429
34 50,	1887
34 55,	929
34 64,	2531
34 69,	1101
34 73,	775
35 36,	156
35 40,	153
35 45,	24
35 54,	105
35 63,	9
35 68,	45
35 72,	80
36 44,	2525
36 49,	112
36 53,	11
36 58,	3098
36 62,	2963
36 67,	175
36 71,	1184
37,	97
37 39,	6
37 43,	9
37 48,	26
37 52,	97
37 66,	97
37 70,	92
37 75,	8
38 42,	1927
38 47,	494
38 51,	744
38 56,	2101
38 60,	2159
38 65,	297
38 74,	1710
39 41,	26
39 46,	854
39 50,	523
39 55,	321
39 64,	732
39 69,	432
39 73,	296
4 10,	54
4 15,	169
4 24,	318
4 29,	342
4 33,	120
4 38,	277
4 42,	303
4 47,	52
4 51,	180
4 56,	317
4 60,	344
4 65,	79
4 74,	357
4 9,	303
40 44,	2586
40 49,	183
40 53,	11
40 58,	3169
40 62,	3045
40 67,	173
40 71,	1163
41,	26
41 43,	9
41 48,	26
41 52,	26
41 57,	1
41 61,	1
41 66,	24
42 47,	494
42 51,	1059
42 56,	2570
42 60,	2688
42 65,	250
42 74,	1925
43 46,	336
43 50,	320
43 64,	167
43 69,	176
43 73,	330
44 54,	1880
44 59,	1
44 63,	90
44 68,	1704
44 72,	1874
45 49,	10
45 58,	584
45 62,	538
45 67,	17
45 71,	242
46,	2556
46 48,	2404
46 52,	2545
46 57,	151
46 61,	39
46 66,	2425
46 70,	1513
46 75,	631
47 51,	198
47 56,	616
47 60,	632
47 65,	154
47 74,	482
48 50,	1824
48 55,	949
48 64,	2478
48 69,	1176
48 73,	782
49 54,	152
49 68,	147
49 72,	114
5 14,	1389
5 19,	1809
5 23,	1687
5 28,	978
5 32,	402
5 37,	97
5 41,	21
5 46,	2385
5 50,	1837
5 55,	905
5 64,	2489
5 69,	1118
5 73,	767
5 8,	112
50,	1975
50 52,	1970
50 57,	94
50 61,	31
50 66,	1871
50 70,	1321
50 75,	490
51 56,	1140
51 60,	1205
51 65,	234
51 74,	922
52 55,	980
52 64,	2630
52 69,	1204
52 73,	840
53 54,	11
53 68,	3
54 58,	2215
54 62,	2133
54 67,	175
54 71,	818
55,	980
55 57,	82
55 66,	980
55 70,	609
55 75,	532
56 60,	2974
56 65,	523
56 74,	2340
57 64,	133
57 69,	163
57 73,	31
58 63,	135
58 68,	1983
58 72,	2345
6 13,	140
6 22,	89
6 27,	212
6 31,	159
6 36,	225
6 40,	220
6 45,	74
6 54,	150
6 63,	24
6 68,	131
6 7,	217
6 72,	141
60 65,	565
60 74,	2360
61 64,	47
61 73,	47
62 68,	1931
62 72,	2246
63 67,	7
63 71,	88
64,	2631
64 66,	2497
64 70,	1718
64 75,	789
65 74,	565
66 69,	1185
66 73,	676
67 68,	148
68 71,	681
69,	1212
69 70,	704
69 75,	398
7 12,	1026
7 17,	2422
7 21,	2163
7 26,	333
7 30,	7
7 35,	146
7 44,	2500
7 49,	183
7 53,	11
7 58,	3075
7 62,	2940
7 67,	170
7 71,	1085
70 73,	524
71 72,	862
73,	851
8,	120
8 11,	79
8 16,	87
8 20,	42
8 25,	117
8 34,	110
8 39,	48
8 43,	9
8 48,	120
8 52,	120
8 57,	18
8 61,	2
8 66,	115
8 70,	16
8 75,	34
9 15,	1806
9 24,	1252
9 29,	2866
9 33,	201
9 38,	2017
9 42,	2446
9 47,	608
9 51,	1068
9 56,	2752
9 60,	2835
9 65,	509
9 74,	2186
1 14,	881
1 19,	1100
1 23,	895
1 28,	444
1 3,	1482
1 32,	348
1 37,	54
1 41,	18
1 46,	1270
1 50,	996
1 55,	539
1 64,	1297
1 69,	350
1 73,	341
1 8,	35
10,	322
10 11,	154
10 16,	102
10 20,	126
10 25,	317
10 34,	287
10 39,	143
10 43,	54
10 48,	322
10 52,	319
10 57,	53
10 61,	8
10 66,	306
10 70,	90
10 75,	101
11 15,	1623
11 24,	993
11 29,	2114
11 33,	135
11 38,	1478
11 42,	1743
11 47,	404
11 51,	858
11 56,	2037
11 60,	2089
11 65,	472
11 74,	1660
12 14,	514
12 19,	505
12 23,	681
12 28,	403
12 32,	103
12 46,	831
12 50,	704
12 55,	411
12 64,	974
12 69,	396
12 73,	214
13 18,	379
13 22,	574
13 27,	1206
13 31,	1320
13 36,	1645
13 40,	1711
13 45,	330
13 54,	1236
13 59,	1
13 63,	110
13 68,	1090
13 72,	1139
14 17,	1157
14 21,	1077
14 26,	104
14 35,	77
14 44,	1220
14 49,	44
14 53,	3
14 58,	1474
14 62,	1448
14 71,	603
15,	2026
15 20,	503
15 25,	1764
15 34,	1914
15 39,	706
15 43,	307
15 48,	1899
15 52,	2015
15 57,	129
15 61,	11
15 66,	1921
15 70,	1327
15 75,	539
16 24,	574
16 29,	1167
16 33,	79
16 38,	876
16 42,	995
16 47,	220
16 51,	420
16 56,	1124
16 60,	1134
16 65,	81
16 74,	920
17 19,	1980
17 23,	1446
17 28,	749
17 32,	343
17 37,	96
17 41,	26
17 46,	1980
17 50,	1494
17 55,	786
17 64,	1975
17 69,	927
17 73,	672
18 22,	368
18 27,	454
18 31,	547
18 36,	695
18 40,	696
18 45,	27
18 54,	502
18 63,	4
18 68,	411
18 72,	517
19 21,	1377
19 26,	235
19 30,	14
19 35,	97
19 44,	1565
19 49,	136
19 53,	11
19 58,	1979
19 62,	1875
19 67,	113
19 71,	736
2 13,	934
2 18,	486
2 22,	743
2 27,	980
2 31,	1284
2 36,	1484
2 40,	1519
2 54,	1086
2 59,	1
2 63,	52
2 68,	665
2 7,	1442
2 72,	1017
20 24,	555
20 29,	1215
20 33,	80
20 38,	894
20 42,	998
20 47,	640
20 51,	400
20 56,	1159
20 60,	1206
20 65,	184
20 74,	924
21 23,	1265
21 28,	647
21 32,	320
21 37,	54
21 41,	26
21 46,	1622
21 50,	1304
21 55,	691
21 64,	1755
21 69,	758
21 73,	657
22 27,	627
22 31,	781
22 36,	928
22 40,	971
22 45,	228
22 54,	682
22 63,	6
22 68,	517
22 72,	777
23 26,	242
23 30,	7
23 35,	87
23 44,	1433
23 49,	92
23 58,	1817
23 62,	1722
23 67,	175
23 71,	676
24,	1379
24 25,	1285
24 34,	1310
24 39,	431
24 43,	409
24 48,	1288
24 52,	1368
24 57,	67
24 66,	1379
24 70,	866
25 29,	2848
25 33,	217
25 38,	1947
25 42,	2416
25 47,	560
25 51,	1124
25 56,	2697
25 60,	2832
25 65,	534
25 74,	2165
26 28,	107
26 32,	30
26 37,	31
26 46,	256
26 50,	239
26 55,	123
26 64,	305
26 69,	126
26 73,	87
27 31,	1641
27 36,	2159
27 40,	2179
27 45,	476
27 54,	1570
27 59,	1
27 63,	117
27 68,	1332
27 72,	1497
28 30,	8
28 35,	21
28 44,	883
28 49,	101
28 58,	991
28 62,	972
28 67,	42
28 71,	184
29,	3181
29 34,	3036
29 39,	1000
29 43,	479
29 48,	2998
29 52,	3170
29 57,	175
29 61,	45
29 66,	3013
29 70,	2007
29 75,	789
3 12,	930
3 17,	2272
3 21,	1954
3 26,	319
3 35,	133
3 44,	2268
3 49,	167
3 53,	9
3 58,	2839
3 6,	200
3 62,	2724
3 67,	136
3 71,	994
30 46,	15
30 50,	5
30 64,	15
30 73,	15
31 36,	2441
31 40,	2513
31 45,	448
31 54,	1546
31 63,	117
31 68,	1453
31 72,	1991
32 35,	14
32 44,	310
32 58,	446
32 62,	436
32 67,	36
32 71,	200
33,	224
33 34,	213
33 39,	24
33 43,	17
33 48,	208
33 52,	224
33 57,	11
33 61,	12
33 66,	187
33 70,	158
34 38,	2105
34 42,	2602
34 47,	611
34 51,	1153
34 56,	2884
34 60,	2995
34 65,	509
34 74,	2290
35 41,	3
35 46,	127
35 50,	88
35 55,	51
35 64,	100
35 69,	111
35 73,	76
36 40,	3073
36 45,	574
36 54,	2143
36 59,	1
36 63,	136
36 68,	1914
36 72,	2253
37 44,	87
37 49,	71
37 58,	97
37 62,	97
37 71,	5
38,	2196
38 43,	269
38 48,	2027
38 52,	2189
38 57,	95
38 61,	37
38 66,	2071
38 70,	1802
38 75,	486
39 42,	787
39 47,	146
39 51,	477
39 56,	920
39 60,	990
39 65,	268
39 74,	697
4,	357
4 11,	220
4 16,	188
4 20,	165
4 25,	340
4 34,	334
4 39,	80
4 43,	54
4 48,	341
4 5,	332
4 52,	355
4 57,	40
4 61,	13
4 66,	318
4 70,	162
40 45,	584
40 54,	2190
40 59,	1
40 63,	125
40 68,	1964
40 72,	2335
41 44,	26
41 58,	26
41 62,	15
41 67,	2
41 71,	26
42,	2714
42 48,	2564
42 52,	2708
42 57,	144
42 61,	26
42 66,	2612
42 70,	1741
42 75,	789
43 47,	146
43 51,	162
43 56,	451
43 60,	461
43 65,	315
43 74,	482
44 46,	2114
44 50,	1592
44 55,	732
44 64,	2211
44 69,	908
44 73,	738
45 54,	336
45 63,	46
45 68,	280
45 72,	471
46 49,	152
46 53,	11
46 58,	2555
46 62,	2449
46 67,	131
46 71,	1043
47,	640
47 48,	609
47 52,	640
47 57,	24
47 61,	8
47 66,	596
47 70,	494
47 75,	158
48 51,	1189
48 56,	2838
48 60,	2986
48 65,	535
48 74,	2234
49 50,	151
49 55,	31
49 64,	153
49 69,	36
49 73,	69
5 10,	288
5 15,	1801
5 24,	1284
5 29,	2964
5 33,	202
5 38,	2139
5 42,	2562
5 47,	586
5 51,	1134
5 56,	2803
5 60,	2924
5 65,	482
5 74,	2240
5 9,	2683
50 53,	5
50 58,	1975
50 62,	1920
50 67,	104
50 71,	654
51,	1221
51 52,	1215
51 57,	81
51 61,	16
51 66,	1150
51 70,	686
51 75,	299
52 56,	3016
52 60,	3138
52 65,	555
52 74,	2396
53 64,	1
53 69,	8
53 73,	11
54 59,	1
54 63,	83
54 68,	1473
54 72,	1365
55 58,	980
55 62,	927
55 71,	371
56,	3021
56 61,	47
56 66,	2846
56 70,	1928
56 75,	681
57 60,	175
57 65,	42
57 74,	67
58 64,	2630
58 69,	1212
58 73,	850
59 63,	1
59 68,	1
6 14,	85
6 19,	171
6 23,	130
6 28,	13
6 32,	44
6 41,	5
6 46,	171
6 50,	138
6 55,	75
6 64,	142
6 69,	94
6 73,	84
6 8,	8
60,	3149
60 66,	3021
60 70,	1967
60 75,	789
61 74,	47
62 64,	2524
62 69,	1129
62 73,	814
63 68,	53
63 72,	99
64 67,	134
64 71,	913
65,	565
65 66,	524
65 70,	289
66 74,	2232
67 69,	27
67 73,	175
68 72,	1461
69 71,	508
7 13,	1671
7 18,	654
7 22,	913
7 27,	2134
7 31,	2435
7 36,	2979
7 40,	3050
7 45,	576
7 54,	2131
7 59,	1
7 63,	136
7 68,	1913
7 72,	2246
70 74,	1561
71 73,	327
74,	2407
8 12,	41
8 17,	78
8 21,	62
8 26,	3
8 30,	8
8 35,	10
8 44,	112
8 58,	120
8 62,	120
8 67,	5
8 71,	104
9,	2874
9 11,	1975
9 16,	1068
9 20,	1090
9 25,	2543
9 34,	2753
9 39,	857
9 43,	428
9 48,	2691
9 52,	2866
9 57,	122
9 61,	39
9 66,	2715
9 70,	1917
9 75,	688
1 10,	162
1 15,	1184
1 24,	774
1 29,	1669
1 33,	79
1 38,	1025
1 4,	187
1 42,	1413
1 47,	399
1 51,	673
1 56,	1625
1 60,	1669
1 65,	372
1 74,	1257
1 9,	1507
10 12,	168
10 17,	220
10 21,	235
10 26,	5
10 30,	7
10 35,	35
10 44,	259
10 53,	3
10 58,	322
10 62,	310
10 67,	16
10 71,	232
11,	2129
11 16,	506
11 20,	654
11 25,	1800
11 34,	2005
11 39,	651
11 43,	386
11 48,	1946
11 52,	2118
11 57,	92
11 61,	40
11 66,	1981
11 70,	1415
11 75,	469
12 15,	403
12 24,	386
12 29,	1067
12 33,	89
12 38,	718
12 42,	971
12 47,	236
12 51,	363
12 56,	984
12 60,	1060
12 65,	93
12 74,	747
13 19,	1047
13 23,	967
13 28,	516
13 32,	253
13 37,	77
13 41,	11
13 46,	1344
13 50,	1051
13 55,	486
13 64,	1394
13 69,	632
13 73,	583
14 18,	317
14 22,	397
14 27,	999
14 31,	1206
14 36,	1454
14 40,	1459
14 45,	254
14 54,	980
14 63,	26
14 68,	894
14 72,	1206
15 17,	1943
15 21,	1475
15 26,	262
15 30,	12
15 35,	112
15 44,	1499
15 49,	127
15 53,	11
15 58,	2025
15 62,	1900
15 67,	105
15 71,	699
16,	1170
16 20,	713
16 25,	1096
16 34,	1126
16 39,	294
16 43,	175
16 48,	1114
16 52,	1170
16 57,	46
16 61,	36
16 66,	1100
16 70,	680
16 75,	250
17 24,	1054
17 29,	2486
17 33,	178
17 38,	1676
17 42,	2114
17 47,	520
17 51,	1006
17 56,	2362
17 60,	2457
17 65,	525
17 74,	1875
18 23,	371
18 28,	242
18 32,	103
18 37,	1
18 46,	576
18 50,	481
18 55,	194
18 64,	656
18 69,	285
18 73,	179
19 22,	603
19 27,	1377
19 31,	1576
19 36,	1898
19 40,	1956
19 45,	415
19 54,	1380
19 59,	1
19 63,	105
19 68,	1223
19 72,	1458
2 14,	593
2 19,	880
2 23,	922
2 28,	547
2 3,	1357
2 32,	98
2 37,	43
2 41,	8
2 46,	1286
2 50,	979
2 55,	441
2 64,	1334
2 69,	862
2 73,	510
2 8,	85
20,	1216
20 25,	1115
20 34,	1157
20 39,	322
20 43,	218
20 48,	1169
20 52,	1216
20 57,	57
20 61,	10
20 66,	1154
20 70,	763
20 75,	292
21 24,	960
21 29,	2210
21 33,	160
21 38,	1451
21 42,	1891
21 47,	603
21 51,	921
21 56,	2081
21 60,	2182
21 65,	470
21 74,	1690
22 23,	552
22 28,	344
22 32,	126
22 37,	43
22 46,	934
22 50,	671
22 55,	289
22 64,	876
22 69,	454
22 73,	194
23 27,	1142
23 31,	1744
23 36,	1782
23 40,	1815
23 45,	384
23 54,	837
23 63,	95
23 68,	1060
23 72,	1642
24 26,	94
24 30,	8
24 35,	69
24 44,	1179
24 49,	91
24 53,	11
24 58,	1378
24 62,	1338
24 71,	513
25,	2860
25 34,	2712
25 39,	913
25 43,	444
25 48,	2749
25 52,	2850
25 57,	163
25 61,	28
25 66,	2715
25 70,	1734
25 75,	695
26 29,	333
26 33,	7
26 38,	249
26 42,	298
26 47,	80
26 51,	97
26 56,	324
26 60,	317
26 65,	31
26 74,	242
27 32,	444
27 37,	46
27 41,	26
27 46,	1759
27 50,	1367
27 55,	635
27 64,	1643
27 69,	873
27 73,	708
28 31,	885
28 36,	940
28 40,	991
28 45,	108
28 54,	646
28 63,	19
28 68,	652
28 72,	848
29 35,	145
29 44,	2597
29 49,	183
29 53,	11
29 58,	3180
29 62,	3045
29 67,	168
29 71,	1174
3 13,	1513
3 18,	567
3 22,	885
3 27,	1952
3 31,	2360
3 36,	2746
3 40,	2813
3 45,	571
3 54,	1859
3 63,	115
3 68,	1709
3 7,	2765
3 72,	2175
30 33,	6
30 38,	15
30 42,	12
30 51,	10
30 56,	15
30 60,	13
30 74,	15
31 37,	85
31 41,	13
31 46,	2026
31 50,	1576
31 55,	980
31 64,	2197
31 69,	1073
31 73,	535
32 36,	440
32 40,	433
32 45,	136
32 54,	446
32 63,	10
32 68,	344
32 72,	216
33 35,	11
33 44,	224
33 49,	16
33 58,	223
33 62,	215
33 67,	37
33 71,	66
34,	3040
34 39,	935
34 43,	438
34 48,	2857
34 52,	3031
34 57,	156
34 61,	45
34 66,	2886
34 70,	1969
34 75,	750
35 38,	91
35 42,	112
35 47,	29
35 51,	68
35 56,	137
35 60,	154
35 65,	56
35 74,	117
36 41,	26
36 46,	2473
36 50,	1899
36 55,	956
36 64,	2551
36 69,	1185
36 73,	846
37 40,	97
37 45,	10
37 54,	73
37 68,	70
37 72,	92
38 44,	1914
38 49,	169
38 53,	7
38 58,	2195
38 62,	2150
38 67,	125
38 71,	394
39,	1000
39 43,	213
39 48,	986
39 52,	996
39 57,	80
39 61,	10
39 66,	950
39 70,	205
39 75,	303
4 12,	137
4 17,	228
4 21,	271
4 26,	17
4 30,	15
4 35,	23
4 44,	344
4 49,	16
4 53,	2
4 58,	356
4 6,	25
4 62,	336
4 67,	39
4 71,	195
40 46,	2532
40 50,	1975
40 55,	980
40 64,	2630
40 69,	1206
40 73,	835
41 54,	26
41 63,	11
41 68,	20
41 72,	10
42 44,	2250
42 49,	150
42 53,	6
42 58,	2713
42 62,	2598
42 67,	102
42 71,	973
43,	482
43 48,	449
43 52,	477
43 57,	31
43 61,	21
43 66,	409
43 70,	266
44 47,	498
44 51,	1020
44 56,	2471
44 60,	2565
44 65,	401
44 74,	2026
45 46,	442
45 50,	383
45 55,	248
45 64,	420
45 69,	304
45 73,	113
46 54,	1797
46 59,	1
46 63,	107
46 68,	1559
46 72,	1891
47 49,	31
47 58,	640
47 62,	611
47 67,	44
47 71,	146
48,	3013
48 52,	3002
48 57,	175
48 61,	27
48 66,	2873
48 70,	1838
48 75,	779
49 51,	32
49 56,	183
49 60,	163
49 65,	30
49 74,	173
5,	2971
5 11,	1924
5 16,	1170
5 20,	1162
5 25,	2649
5 34,	2889
5 39,	832
5 43,	409
5 48,	2788
5 52,	2960
5 57,	168
5 61,	47
5 66,	2832
5 70,	1944
5 75,	731
50 54,	1381
50 63,	55
50 68,	1201
50 72,	1435
51 53,	6
51 58,	1220
51 62,	1140
51 67,	71
51 71,	535
52,	3185
52 57,	169
52 61,	47
52 66,	3010
52 70,	2001
52 75,	789
53 56,	5
53 60,	11
53 65,	10
53 74,	11
54 64,	1651
54 69,	743
54 73,	851
55 63,	53
55 68,	511
55 72,	980
56 58,	3020
56 62,	2923
56 67,	175
56 71,	1093
57,	175
57 66,	175
57 70,	79
57 75,	108
58 60,	3148
58 65,	565
58 74,	2406
59 64,	1
59 73,	1
6 10,	34
6 15,	225
6 24,	95
6 29,	217
6 33,	22
6 38,	57
6 42,	152
6 47,	54
6 51,	87
6 56,	218
6 60,	225
6 65,	83
6 74,	167
6 9,	191
60 62,	3014
60 67,	128
60 71,	1182
61,	47
61 70,	40
62 65,	536
62 74,	2341
63 64,	107
63 69,	83
63 73,	37
64 68,	1648
64 72,	2133
65 67,	41
65 71,	276
66,	3021
66 70,	1878
66 75,	789
67 74,	175
68 73,	523
69 72,	884
7 14,	1405
7 19,	1902
7 23,	1745
7 28,	942
7 32,	438
7 37,	97
7 41,	26
7 46,	2436
7 50,	1975
7 55,	945
7 64,	2518
7 69,	1163
7 73,	830
70,	2007
70 75,	446
71 74,	846
75,	789
8 13,	51
8 18,	42
8 22,	58
8 27,	71
8 31,	91
8 36,	120
8 40,	120
8 45,	8
8 54,	85
8 68,	71
8 72,	99
9 12,	899
9 17,	2280
9 21,	1990
9 26,	331
9 30,	8
9 35,	121
9 44,	2353
9 49,	183
9 53,	8
9 58,	2873
9 62,	2750
9 67,	159
9 71,	957
